1754
0
-489
741
0
1175
0
-541
1825
0
-779
1870
0
626
0
934
0
-795
783
0
1850
0
1398
0
279
0
701
0
-807
-266
637
0
1534
0
1556
0
993
0
176
0
705
0
-38
548
0
-119
-700
1413
0
641
0
855
0
-145
142
0
1462
0
-389
-123
1424
0
1678
0
752
0
-557
296
0
-327
40
0
-687
-125
1072
0
-182
-390
17
0
1932
0
112
0
-305
169
0
1831
0
1040
0
1488
0
685
0
90
0
497
0
1589
0
990
0
-855
353
0
314
0
-349
1740
0
44
0
1258
0
-665
1759
0
1192
0
605
0
264
0
-819
503
0
-171
1775
0
1608
0
1292
0
1997
0
1549
0
1556
0
561
0
627
0
-533
1541
0
1129
0
240
0
-187
1174
0
1601
0
-923
1215
0
1683
0
1213
0
1992
0
824
0
1601
0
1392
0
-241
1670
0
1428
0
27
0
84
0
75
0
-214
-502
-30
-713
1847
0
1604
0
-497
-779
663
0
1706
0
1363
0
-990
171
0
-511
-760
-836
542
0
619
0
1913
0
591
0
-296
818
0
-768
-250
205
0
975
0
539
0
-697
1422
0
-902
1247
0
584
0
648
0
1971
0
1864
0
913
0
1075
0
-455
712
0
1546
0
-322
769
0
-738
1519
0
985
0
289
0
-56
1865
0
-460
1245
0
508
0
318
0
-130
-399
323
0
-868
-528
-848
87
0
570
0
1763
0
1901
0
1103
0
1423
0
-473
1600
0
1969
0
1015
0
1565
0
-972
-457
347
0
1088
0
1943
0
-363
409
0
1463
0
1049
0
681
0
588
0
1342
0
-392
1060
0
-779
758
0
1954
0
1888
0
1146
0
-310
949
0
-157
-570
620
0
-252
-933
536
0
1783
0
-965
1226
0
-815
38
0
-147
629
0
1224
0
-252
923
0
-641
1257
0
-234
944
0
1955
0
1318
0
1726
0
411
0
-975
1355
0
1
0
549
0
-504
-416
-485
1964
0
1342
0
1075
0
1913
0
142
0
196
0
-52
72
0
1426
0
1606
0
1173
0
-571
1404
0
-295
1626
0
1812
0
375
0
-907
565
0
36
0
1736
0
1141
0
-186
1994
0
1256
0
-348
1936
0
-162
1482
0
355
0
-985
131
0
-770
1841
0
1625
0
1011
0
1637
0
186
0
690
0
650
0
1662
0
-366
893
0
353
0
-584
452
0
1008
0
262
0
233
0
1454
0
303
0
634
0
1303
0
1256
0
-852
1124
0
-683
213
0
-891
-972
1200
0
-920
-682
858
0
-950
-845
361
0
-736
1903
0
-324
1643
0
1909
0
1902
0
-439
