1
2
3
3
6
7
8
8
10
10
11
15
17
18
20
21
22
23
25
30
30
31
35
35
37
38
39
40
49
60
61
64
67
71
71
72
72
73
75
75
80
86
87
88
90
93
97
98
101
102
103
107
108
109
109
110
111
113
115
117
119
124
129
131
132
141
141
142
145
150
152
152
153
156
157
161
164
168
169
169
170
173
174
184
185
185
186
187
189
192
192
195
195
196
196
199
200
200
200
200
205
205
213
216
221
221
221
222
224
232
240
245
247
249
253
255
258
261
262
262
264
264
264
264
269
271
281
281
282
285
286
288
290
292
297
309
313
313
314
314
314
316
318
318
322
323
329
333
334
337
337
342
342
347
348
350
350
350
353
355
357
357
357
358
359
361
361
363
369
371
374
375
376
384
391
392
398
401
402
405
410
411
416
416
421
422
423
425
426
430
430
432
434
436
437
441
446
447
448
451
452
454
457
457
458
459
461
462
477
478
484
487
487
489
496
497
498
503
505
506
508
510
511
512
514
515
515
518
520
527
529
535
537
538
538
539
541
542
543
543
545
546
547
547
548
548
549
556
556
556
557
558
561
561
565
565
573
574
576
577
578
584
584
585
587
588
589
589
591
593
595
600
601
601
602
605
611
616
617
619
620
622
624
624
625
626
626
627
627
627
629
629
629
629
634
635
637
643
644
646
648
650
653
655
655
657
658
659
662
667
668
673
673
676
676
679
690
694
694
699
701
705
705
706
711
711
713
718
718
721
723
724
724
726
728
734
734
737
741
748
752
753
753
754
756
757
758
758
759
760
763
763
763
769
773
775
781
783
786
788
789
790
790
796
801
805
807
811
812
813
815
815
815
818
824
824
825
829
829
829
831
831
832
832
833
840
841
842
844
844
847
850
851
853
855
855
861
864
866
869
869
869
870
870
874
878
881
881
882
885
890
892
894
895
898
900
901
902
903
905
912
913
923
924
926
928
930
931
934
936
938
938
942
944
945
948
949
951
954
954
954
956
958
958
959
961
961
964
966
971
971
972
974
976
977
977
982
985
985
986
990
992
993
994
996
997
998
999
